1,2014-04-07T10:51:09.277Z,214536502,0
1,2014-04-07T10:54:09.868Z,214536500,0
1,2014-04-07T10:54:46.998Z,214536506,0
1,2014-04-07T10:57:00.306Z,214577561,0
2,2014-04-07T13:56:37.614Z,214662742,0
2,2014-04-07T13:57:19.373Z,214662742,0
2,2014-04-07T13:58:37.446Z,214825110,0
2,2014-04-07T13:59:50.710Z,214757390,0
2,2014-04-07T14:00:38.247Z,214757407,0
2,2014-04-07T14:02:36.889Z,214551617,0
3,2014-04-02T13:17:46.940Z,214716935,0
3,2014-04-02T13:26:02.515Z,214774687,0
3,2014-04-02T13:30:12.318Z,214832672,0
4,2014-04-07T12:09:10.948Z,214836765,0
4,2014-04-07T12:26:25.416Z,214706482,0
6,2014-04-06T16:58:20.848Z,214701242,0
6,2014-04-06T17:02:26.976Z,214826623,0
7,2014-04-02T06:38:53.104Z,214826835,0
7,2014-04-02T06:39:05.854Z,214826715,0
8,2014-04-06T08:49:58.728Z,214838855,0
8,2014-04-06T08:52:12.647Z,214838855,0
9,2014-04-06T11:26:24.127Z,214576500,0
9,2014-04-06T11:28:54.654Z,214576500,0
9,2014-04-06T11:29:13.479Z,214576500,0
11,2014-04-03T10:44:35.672Z,214821275,0
11,2014-04-03T10:45:01.674Z,214821275,0
11,2014-04-03T10:45:29.873Z,214821371,0
11,2014-04-03T10:46:12.162Z,214821371,0
11,2014-04-03T10:46:57.355Z,214821371,0
11,2014-04-03T10:53:22.572Z,214717089,0
11,2014-04-03T10:53:49.875Z,214563337,0
11,2014-04-03T10:55:19.267Z,214706462,0
11,2014-04-03T10:55:47.327Z,214717436,0
11,2014-04-03T10:56:30.520Z,214743335,0
11,2014-04-03T10:57:19.331Z,214826837,0
11,2014-04-03T10:57:39.433Z,214819762,0
12,2014-04-02T10:30:13.176Z,214717867,0
12,2014-04-02T10:33:12.621Z,214717867,0
13,2014-04-06T14:50:13.638Z,214836761,0
13,2014-04-06T14:52:54.363Z,214684513,0
13,2014-04-06T14:53:18.268Z,214836761,0
14,2014-04-01T10:09:01.362Z,214577732,0
14,2014-04-01T10:11:14.773Z,214587013,0
14,2014-04-01T10:12:36.482Z,214577732,0
17,2014-04-06T11:34:14.289Z,214826897,0
17,2014-04-06T11:34:16.193Z,214820441,0
16,2014-04-05T13:08:01.626Z,214684093,0
16,2014-04-05T13:08:39.897Z,214684093,0
16,2014-04-05T13:20:53.092Z,214684093,0
19,2014-04-01T20:52:12.357Z,214561790,0
19,2014-04-01T20:52:13.758Z,214561790,0
19,2014-04-01T20:54:53.606Z,214611457,0
19,2014-04-01T20:54:54.651Z,214611457,0
18,2014-04-01T05:26:12.539Z,214577732,0
18,2014-04-01T05:26:32.156Z,214577732,0
21,2014-04-07T09:01:28.552Z,214838503,0
21,2014-04-07T09:03:39.903Z,214838503,0
21,2014-04-07T09:04:00.598Z,214838503,0
21,2014-04-07T09:06:09.115Z,214838503,0
21,2014-04-07T09:07:42.212Z,214838503,0
21,2014-04-07T09:21:10.012Z,214548744,0
23,2014-04-04T07:43:18.598Z,214718203,0
23,2014-04-04T07:49:04.634Z,214718203,0
23,2014-04-04T07:49:06.376Z,214718203,0
23,2014-04-04T07:56:48.356Z,214718203,0
22,2014-04-06T01:29:05.969Z,214837485,0
22,2014-04-06T01:30:36.821Z,214837485,0
22,2014-04-06T01:31:00.419Z,214837485,0
22,2014-04-06T01:31:51.443Z,214837487,0
22,2014-04-06T01:32:18.330Z,214837487,0
22,2014-04-06T01:35:18.266Z,214821315,0
22,2014-04-06T01:35:32.915Z,214586711,0
22,2014-04-06T01:36:32.105Z,214821305,0
22,2014-04-06T01:36:48.172Z,214821307,0
22,2014-04-06T01:37:08.202Z,214844357,0
22,2014-04-06T01:37:19.052Z,214821341,0
22,2014-04-06T01:37:30.700Z,214821309,0
22,2014-04-06T01:38:13.259Z,214551617,0
22,2014-04-06T01:41:38.028Z,214551617,0
22,2014-04-06T01:45:16.708Z,214612920,0
22,2014-04-06T01:47:51.889Z,214837487,0
24,2014-04-05T22:48:27.233Z,214613743,0
24,2014-04-05T22:48:28.756Z,214613743,0
24,2014-04-05T22:49:05.756Z,214539110,0
24,2014-04-05T22:49:06.722Z,214539110,0
27,2014-04-07T07:40:12.650Z,214827028,0
27,2014-04-07T07:41:13.815Z,214827017,0
27,2014-04-07T07:46:41.444Z,214537796,0
27,2014-04-07T07:50:03.502Z,214840762,0
27,2014-04-07T07:53:42.034Z,214707930,0
27,2014-04-07T07:54:58.054Z,214707930,0
27,2014-04-07T07:56:07.512Z,214585652,0
27,2014-04-07T07:58:27.568Z,214536197,0
27,2014-04-07T07:59:04.113Z,214536195,0
27,2014-04-07T08:01:51.327Z,214646169,0
26,2014-04-06T16:42:55.741Z,214579288,0
26,2014-04-06T16:44:58.482Z,214714790,0
26,2014-04-06T16:45:11.344Z,214676070,0
26,2014-04-06T16:46:19.569Z,214601407,0
29,2014-04-02T17:42:07.324Z,214532036,0
29,2014-04-02T17:47:24.821Z,214700432,0
28,2014-04-05T15:25:35.032Z,214836789,0
28,2014-04-05T15:27:11.668Z,214836789,0
28,2014-04-05T15:29:59.565Z,214710804,0
31,2014-04-01T08:36:04.146Z,214537967,0
31,2014-04-01T08:38:17.758Z,214537967,0
34,2014-04-07T14:29:57.726Z,214718246,0
34,2014-04-07T14:33:22.860Z,214826835,0
32,2014-04-07T15:45:12.308Z,214835257,0
32,2014-04-07T15:47:58.163Z,214835265,0
33,2014-04-06T18:13:10.756Z,214834865,0
33,2014-04-06T18:13:47.162Z,214571188,0
33,2014-04-06T18:13:49.398Z,214571188,0
33,2014-04-06T18:13:49.925Z,214571188,0
33,2014-04-06T18:15:25.464Z,214820225,0
33,2014-04-06T18:15:25.792Z,214820225,0
33,2014-04-06T18:15:26.502Z,214820225,0
33,2014-04-06T18:15:55.366Z,214820225,0
33,2014-04-06T18:15:59.004Z,214820225,0
33,2014-04-06T18:15:59.531Z,214820225,0
33,2014-04-06T18:16:39.682Z,214820225,0
33,2014-04-06T18:16:53.065Z,214820225,0
33,2014-04-06T18:17:33.199Z,214706441,0
33,2014-04-06T18:17:50.144Z,214706441,0
33,2014-04-06T18:17:51.419Z,214706441,0
33,2014-04-06T18:17:52.049Z,214706441,0
38,2014-04-04T05:16:09.704Z,214652878,0
38,2014-04-04T05:16:55.163Z,214716737,0
38,2014-04-04T05:17:34.463Z,214652878,0
39,2014-04-01T21:21:00.460Z,214684721,0
39,2014-04-01T21:21:44.551Z,214680356,0
36,2014-04-06T20:00:18.669Z,214551594,0
36,2014-04-06T20:01:30.080Z,214586970,0
37,2014-04-04T16:26:07.882Z,214826769,0
37,2014-04-04T16:26:43.356Z,214537967,0
42,2014-04-06T16:49:29.034Z,214819745,0
42,2014-04-06T16:51:12.544Z,214819745,0
43,2014-04-05T07:54:10.194Z,214691587,0
43,2014-04-05T07:55:58.886Z,214587915,0
41,2014-04-06T08:34:38.902Z,214821277,0
41,2014-04-06T08:34:40.247Z,214821277,0
41,2014-04-06T08:34:58.280Z,214821277,0
41,2014-04-06T08:36:40.343Z,214821277,0
41,2014-04-06T08:36:41.495Z,214821277,0
46,2014-04-03T06:06:58.170Z,214716932,0
46,2014-04-03T06:07:19.921Z,214716932,0
46,2014-04-03T06:08:10.956Z,214716932,0
46,2014-04-03T07:06:14.731Z,214716932,0
46,2014-04-03T07:06:29.704Z,214716932,0
46,2014-04-03T07:06:44.157Z,214716932,0
47,2014-04-02T15:07:17.566Z,214712235,0
47,2014-04-02T15:07:37.654Z,214581489,0
47,2014-04-02T15:08:07.492Z,214602605,0
44,2014-04-07T05:51:30.888Z,214820441,0
44,2014-04-07T05:52:24.351Z,214826897,0
44,2014-04-07T05:53:47.689Z,214826702,0
44,2014-04-07T05:54:49.212Z,214684513,0
44,2014-04-07T05:56:02.520Z,214838100,0
44,2014-04-07T06:01:14.185Z,214544357,0
44,2014-04-07T06:02:35.049Z,214551626,0
44,2014-04-07T06:04:39.757Z,214691484,0
51,2014-04-01T18:05:31.791Z,214545935,0
51,2014-04-01T18:06:44.207Z,214819438,0
51,2014-04-01T18:07:30.896Z,214839907,0
51,2014-04-01T18:08:58.886Z,214835917,0
51,2014-04-01T18:09:40.735Z,214836210,0
49,2014-04-03T18:44:31.729Z,214698491,0
49,2014-04-03T18:48:36.859Z,214523692,0
48,2014-04-01T12:12:08.080Z,214695307,0
48,2014-04-01T12:12:45.019Z,214695305,0
48,2014-04-01T12:12:58.585Z,214538317,0
48,2014-04-01T12:16:50.572Z,214677448,0
54,2014-04-01T07:33:07.173Z,214819468,0
54,2014-04-01T07:40:28.688Z,214716977,0
54,2014-04-01T07:41:46.683Z,214716977,0
54,2014-04-01T07:41:54.239Z,214716977,0
54,2014-04-01T07:42:16.709Z,214716977,0
54,2014-04-01T07:43:16.726Z,214716939,0
53,2014-04-02T14:27:56.257Z,214544355,0
53,2014-04-02T14:29:29.715Z,214601212,0
53,2014-04-02T14:30:53.202Z,214601212,0
53,2014-04-02T14:31:37.504Z,214601212,0
52,2014-04-02T19:09:13.273Z,214716982,0
52,2014-04-02T19:28:47.335Z,214716984,0
59,2014-04-06T20:22:40.046Z,214844248,0
59,2014-04-06T20:22:41.522Z,214844248,0
58,2014-04-02T10:47:23.796Z,214515834,0
58,2014-04-02T10:48:29.638Z,214515830,0
57,2014-04-01T20:50:55.024Z,214717318,0
57,2014-04-01T20:55:54.817Z,214717318,0
56,2014-04-03T16:31:43.555Z,214832557,0
56,2014-04-03T16:33:19.319Z,214559660,0
56,2014-04-03T16:36:15.132Z,214559660,0
56,2014-04-03T16:36:16.620Z,214819520,0
56,2014-04-03T16:38:00.495Z,214586540,0
63,2014-04-05T12:21:05.172Z,214587797,0
63,2014-04-05T12:21:05.212Z,214835775,0
63,2014-04-05T12:21:06.670Z,214844109,0
62,2014-04-06T15:42:34.618Z,214714794,0
62,2014-04-06T15:43:00.299Z,214601407,0
62,2014-04-06T15:44:51.971Z,214826619,0
62,2014-04-06T15:45:44.613Z,214746427,0
62,2014-04-06T15:45:49.462Z,214821300,0
62,2014-04-06T15:46:27.323Z,214717562,0
62,2014-04-06T15:46:47.147Z,214826927,0
62,2014-04-06T15:47:14.526Z,214748334,0
62,2014-04-06T15:48:36.052Z,214826908,0
62,2014-04-06T15:48:56.201Z,214800262,0
61,2014-04-02T07:00:13.748Z,214709645,0
61,2014-04-02T07:00:17.209Z,214709645,0
61,2014-04-02T07:01:26.344Z,214709645,0
61,2014-04-02T07:02:02.150Z,214709645,0
61,2014-04-02T07:02:05.171Z,214709645,0
68,2014-04-02T08:08:09.491Z,214532072,0
68,2014-04-02T08:08:21.022Z,214532070,0
69,2014-04-07T10:28:39.441Z,214827022,0
69,2014-04-07T10:29:32.058Z,214840419,0
71,2014-04-03T12:15:58.157Z,214716984,0
71,2014-04-03T12:17:04.891Z,214832657,0
64,2014-04-02T19:50:43.683Z,214662975,0
64,2014-04-02T19:52:44.743Z,214537779,0
64,2014-04-02T19:54:03.319Z,214840762,0
66,2014-04-06T07:58:24.215Z,214821277,0
66,2014-04-06T07:59:12.227Z,214821277,0
66,2014-04-06T07:59:48.488Z,214821277,0
67,2014-04-06T06:39:08.863Z,214748300,0
67,2014-04-06T06:40:34.218Z,214748293,0
76,2014-04-06T13:52:12.348Z,214826955,0
76,2014-04-06T13:52:46.032Z,214826606,0
76,2014-04-06T13:54:31.004Z,214687642,0
77,2014-04-02T18:30:34.579Z,214832559,0
77,2014-04-02T18:31:00.216Z,214832559,0
77,2014-04-02T18:33:03.555Z,214832559,0
77,2014-04-02T18:34:26.499Z,214821017,0
77,2014-04-02T18:34:56.444Z,214821017,0
77,2014-04-02T18:36:16.247Z,214572234,0
77,2014-04-02T18:39:35.227Z,214826715,0
77,2014-04-02T18:39:53.972Z,214826715,0
78,2014-04-04T14:28:00.684Z,214509135,0
78,2014-04-04T14:30:05.230Z,214536853,0
78,2014-04-04T14:30:44.963Z,214509133,0
78,2014-04-04T14:31:29.660Z,214509135,0
78,2014-04-04T14:32:03.150Z,214509135,0
78,2014-04-04T14:35:19.399Z,214509135,0
78,2014-04-04T14:39:58.610Z,214717877,0
78,2014-04-04T14:40:31.139Z,214826615,0
78,2014-04-04T14:44:27.928Z,214678477,0
78,2014-04-04T14:51:47.704Z,214716982,0
79,2014-04-01T10:45:30.931Z,214819472,0
79,2014-04-01T10:48:01.155Z,214687685,0
72,2014-04-02T15:34:23.334Z,214821285,0
72,2014-04-02T15:34:25.000Z,214821285,0
72,2014-04-02T15:34:37.701Z,214826801,0
72,2014-04-02T15:34:39.033Z,214826801,0
73,2014-04-03T13:35:46.173Z,214826705,0
73,2014-04-03T13:36:58.538Z,214826705,0
74,2014-04-06T23:51:15.878Z,214668590,0
74,2014-04-06T23:54:02.098Z,214826872,0
84,2014-04-03T11:48:02.138Z,214708044,0
87,2014-04-07T06:19:08.914Z,214652220,0
87,2014-04-07T06:19:20.979Z,214840483,0
87,2014-04-07T06:19:28.762Z,214840483,0
87,2014-04-07T06:26:01.516Z,214717286,0
87,2014-04-07T06:26:15.176Z,214558807,0
87,2014-04-07T06:26:32.159Z,214821300,0
87,2014-04-07T06:26:50.136Z,214826908,0
87,2014-04-07T06:26:59.987Z,214826908,0
87,2014-04-07T06:27:08.677Z,214826908,0
87,2014-04-07T06:27:48.327Z,214554637,0
87,2014-04-07T06:28:01.564Z,214819430,0
87,2014-04-07T06:28:10.111Z,214819430,0
87,2014-04-07T06:28:33.431Z,214826837,0
87,2014-04-07T06:28:41.850Z,214826837,0
87,2014-04-07T06:29:05.905Z,214820392,0
87,2014-04-07T06:29:15.640Z,214820392,0
87,2014-04-07T06:32:17.309Z,214586694,0
87,2014-04-07T06:32:27.727Z,214819376,0
87,2014-04-07T06:32:49.233Z,214553844,0
87,2014-04-07T06:34:57.840Z,214601229,0
87,2014-04-07T06:47:18.219Z,214555500,0
87,2014-04-07T06:47:34.388Z,214695127,0
87,2014-04-07T06:47:46.542Z,214819760,0
87,2014-04-07T06:50:38.087Z,214717850,0
87,2014-04-07T06:50:49.482Z,214718385,0
87,2014-04-07T06:51:01.526Z,214743369,0
87,2014-04-07T06:51:08.839Z,214743369,0
86,2014-04-01T18:20:23.827Z,214648475,0
86,2014-04-01T18:21:17.686Z,214648340,0
86,2014-04-01T18:21:48.407Z,214648438,0
86,2014-04-01T18:25:44.766Z,214648455,0
86,2014-04-01T18:26:36.703Z,214712936,0
86,2014-04-01T18:30:47.505Z,214712887,0
86,2014-04-01T18:31:43.795Z,214696149,0
86,2014-04-01T18:33:47.089Z,214717097,0
86,2014-04-01T18:35:14.749Z,214534352,0
86,2014-04-01T18:35:15.924Z,214534352,0
86,2014-04-01T18:36:52.402Z,214717097,0
81,2014-04-02T17:58:30.382Z,214560099,0
81,2014-04-02T17:58:57.972Z,214560099,0
81,2014-04-02T18:00:15.836Z,214560099,0
81,2014-04-02T18:00:23.941Z,214832750,0
81,2014-04-02T18:01:18.189Z,214560099,0
83,2014-04-01T10:59:43.567Z,214572264,0
82,2014-04-05T19:31:59.631Z,214685621,0
82,2014-04-05T19:34:13.085Z,214684093,0
82,2014-04-05T19:34:56.990Z,214546097,0
82,2014-04-05T19:37:02.762Z,214685623,0
93,2014-04-07T13:11:12.238Z,214819685,0
93,2014-04-07T13:11:46.644Z,214839907,0
93,2014-04-07T13:13:12.656Z,214839905,0
93,2014-04-07T13:14:09.881Z,214811752,0
92,2014-04-04T07:11:52.265Z,214717007,0
92,2014-04-04T07:12:10.903Z,214717003,0
92,2014-04-04T07:13:06.319Z,214716928,0
94,2014-04-02T14:18:47.195Z,214820842,0
94,2014-04-02T14:21:37.901Z,214819490,0
89,2014-04-07T14:12:35.665Z,214555869,0
89,2014-04-07T14:12:51.832Z,214537185,0
88,2014-04-04T18:51:53.790Z,214840599,0
88,2014-04-04T18:58:17.937Z,214835735,0
91,2014-04-04T18:43:51.845Z,214838100,0
91,2014-04-04T18:45:09.938Z,214706216,0
102,2014-04-07T03:14:44.923Z,214829737,0
102,2014-04-07T03:17:28.024Z,214821315,0
103,2014-04-03T14:23:44.577Z,214748293,0
103,2014-04-03T14:24:12.525Z,214748293,0
101,2014-04-04T14:59:39.805Z,214712272,0
101,2014-04-04T15:04:36.148Z,214820450,0
98,2014-04-02T10:10:04.369Z,214821380,0
98,2014-04-02T10:10:41.162Z,214821380,0
99,2014-04-07T09:11:49.603Z,214826799,0
99,2014-04-07T09:12:36.843Z,214827005,0
99,2014-04-07T09:14:13.208Z,214718390,0
99,2014-04-07T09:15:01.504Z,214718396,0
99,2014-04-07T09:17:59.263Z,214826627,0
96,2014-04-06T18:48:49.401Z,214841060,0
96,2014-04-06T18:50:04.782Z,214841060,0
97,2014-04-05T11:56:37.936Z,214687768,0
97,2014-04-05T11:58:50.572Z,214706445,0
111,2014-04-06T17:30:49.175Z,214811752,0
111,2014-04-06T17:31:34.271Z,214811754,0
108,2014-04-03T11:29:34.491Z,214594678,0
108,2014-04-03T11:30:31.064Z,214594680,0
108,2014-04-03T11:31:36.145Z,214594680,0
109,2014-04-05T19:30:23.836Z,214821369,0
109,2014-04-05T19:31:01.983Z,214821369,0
109,2014-04-05T19:31:26.460Z,214697771,0
109,2014-04-05T19:31:58.589Z,214697512,0
109,2014-04-05T19:32:07.529Z,214697413,0
109,2014-04-05T19:32:25.285Z,214697409,0
109,2014-04-05T19:32:49.629Z,214652409,0
109,2014-04-05T19:33:18.747Z,214537127,0
109,2014-04-05T19:33:55.816Z,214537127,0
109,2014-04-05T19:45:51.473Z,214820237,0
109,2014-04-05T19:46:40.527Z,214820237,0
109,2014-04-05T19:48:39.452Z,214709645,0
109,2014-04-05T19:51:26.045Z,214699213,0
109,2014-04-05T19:53:58.822Z,214820237,0
109,2014-04-05T19:54:28.533Z,214820237,0
109,2014-04-05T20:18:59.616Z,214820237,0
109,2014-04-05T20:28:14.662Z,214709645,0
109,2014-04-05T20:29:14.375Z,214537127,0
106,2014-04-06T10:13:53.306Z,214554358,0
106,2014-04-06T10:18:32.658Z,214716950,0
107,2014-04-06T18:50:31.634Z,214821275,0
107,2014-04-06T18:51:46.740Z,214829741,0
104,2014-04-07T18:30:02.454Z,214829741,0
104,2014-04-07T18:31:04.993Z,214820842,0
104,2014-04-07T18:31:45.755Z,214821279,0
104,2014-04-07T18:33:23.598Z,214703790,0
119,2014-04-04T10:07:00.118Z,214716954,0
119,2014-04-04T10:20:14.309Z,214838366,0
118,2014-04-04T08:37:40.336Z,214821022,0
118,2014-04-04T08:38:32.806Z,214820814,0
117,2014-04-04T19:15:38.077Z,214684721,0
117,2014-04-04T19:15:58.194Z,214821369,0
117,2014-04-04T19:17:23.092Z,214826833,0
117,2014-04-04T19:17:23.374Z,214819472,0
116,2014-04-07T08:50:57.912Z,214821315,0
116,2014-04-07T08:51:49.282Z,214821305,0
114,2014-04-06T22:17:48.496Z,214826702,0
114,2014-04-06T22:18:23.088Z,214821275,0
113,2014-04-02T12:56:31.560Z,214717847,0
113,2014-04-02T12:57:40.599Z,214819719,0
113,2014-04-02T12:58:56.608Z,214748336,0
112,2014-04-04T08:59:40.258Z,214536440,0
112,2014-04-04T09:00:35.512Z,214536437,0
127,2014-04-05T15:13:45.268Z,214512416,0
127,2014-04-05T15:15:06.385Z,214512416,0
126,2014-04-06T16:16:59.957Z,214839313,0
126,2014-04-06T16:17:12.378Z,214839313,0
126,2014-04-06T16:18:16.707Z,214839313,0
124,2014-04-06T12:32:47.246Z,214826705,0
124,2014-04-06T12:36:31.023Z,214826705,0
123,2014-04-01T11:13:16.906Z,214510044,0
123,2014-04-01T11:13:37.282Z,214510044,0
123,2014-04-01T11:13:40.120Z,214510044,0
123,2014-04-01T11:13:46.366Z,214582387,0
123,2014-04-01T11:14:54.433Z,214537535,0
123,2014-04-01T11:15:31.277Z,214584812,0
123,2014-04-01T11:16:34.548Z,214537535,0
123,2014-04-01T11:16:57.144Z,214584810,0
122,2014-04-06T20:45:43.933Z,214600989,0
122,2014-04-06T20:46:16.914Z,214704180,0
121,2014-04-06T07:42:52.214Z,214705693,0
121,2014-04-06T07:43:23.799Z,214696824,0
121,2014-04-06T07:44:17.445Z,214705682,0
121,2014-04-06T07:45:16.896Z,214696817,0
121,2014-04-06T07:46:34.336Z,214705691,0
121,2014-04-06T07:46:48.042Z,214705693,0
121,2014-04-06T07:47:06.418Z,214711710,0
121,2014-04-06T07:52:00.781Z,214705691,0
121,2014-04-06T07:52:47.367Z,214705691,0
121,2014-04-06T07:53:03.022Z,214687539,0
121,2014-04-06T07:54:42.132Z,214705687,0
121,2014-04-06T07:55:39.424Z,214744796,0
121,2014-04-06T07:57:01.168Z,214681648,0
121,2014-04-06T07:58:28.606Z,214717307,0
121,2014-04-06T07:59:03.163Z,214577750,0
121,2014-04-06T07:59:42.963Z,214650382,0
121,2014-04-06T08:03:34.189Z,214744796,0
121,2014-04-06T08:05:26.522Z,214696817,0
121,2014-04-06T08:06:40.037Z,214705682,0
121,2014-04-06T08:08:19.755Z,214711710,0
137,2014-04-02T22:48:38.813Z,214821013,0
137,2014-04-02T22:48:38.935Z,214821013,0
137,2014-04-02T22:49:04.595Z,214572182,0
137,2014-04-02T22:49:04.660Z,214572182,0
136,2014-04-01T12:25:23.651Z,214840762,0
136,2014-04-01T12:25:23.918Z,214586983,0
139,2014-04-06T10:56:09.941Z,214820441,0
139,2014-04-06T10:57:41.929Z,214826623,0
138,2014-04-04T08:59:39.071Z,214594633,0
138,2014-04-04T09:05:08.905Z,214594592,0
138,2014-04-04T09:22:48.742Z,214601010,0
138,2014-04-04T09:24:15.178Z,214601010,0
138,2014-04-04T09:24:47.588Z,214601015,0
138,2014-04-04T09:29:24.106Z,214594592,0
138,2014-04-04T09:36:41.066Z,214594592,0
141,2014-04-07T18:12:35.794Z,214821275,0
141,2014-04-07T18:13:27.129Z,214827032,0
143,2014-04-04T19:30:03.512Z,214843370,0
143,2014-04-04T19:30:39.756Z,214843370,0
143,2014-04-04T19:30:51.376Z,214843370,0
142,2014-04-04T20:00:07.884Z,214595893,0
142,2014-04-04T20:00:58.248Z,214595889,0
129,2014-04-01T08:37:18.399Z,214841060,0
129,2014-04-01T08:37:31.053Z,214841060,0
129,2014-04-01T08:38:17.266Z,214840378,0
129,2014-04-01T08:38:51.896Z,214826955,0
129,2014-04-01T08:42:10.009Z,214821275,0
129,2014-04-01T08:42:49.137Z,214829285,0
128,2014-04-06T09:33:27.228Z,214826623,0
128,2014-04-06T09:41:38.816Z,214826615,0
131,2014-04-03T04:46:08.891Z,214819719,0
131,2014-04-03T04:46:53.499Z,214791688,0
131,2014-04-03T04:47:32.085Z,214819472,0
133,2014-04-03T08:56:42.998Z,214826810,0
133,2014-04-03T08:57:36.405Z,214826810,0
132,2014-04-03T04:17:14.116Z,214821377,0
132,2014-04-03T04:21:23.765Z,214820201,0
134,2014-04-04T19:03:40.133Z,214587650,0
134,2014-04-04T19:04:34.608Z,214535617,0
134,2014-04-04T19:06:49.015Z,214535595,0
134,2014-04-04T19:07:07.617Z,214587650,0
152,2014-04-06T15:28:47.758Z,214534453,0
153,2014-04-04T10:02:59.851Z,214573312,0
153,2014-04-04T10:07:26.150Z,214573312,0
153,2014-04-04T10:09:59.225Z,214829257,0
153,2014-04-04T10:10:55.109Z,214834987,0
154,2014-04-03T08:59:07.398Z,214826810,0
154,2014-04-03T09:00:18.944Z,214840419,0
154,2014-04-03T09:00:56.756Z,214840419,0
154,2014-04-03T09:04:31.148Z,214560187,0
154,2014-04-03T09:05:13.296Z,214716984,0
156,2014-04-05T08:43:50.384Z,214585397,0
156,2014-04-05T08:47:42.110Z,214585397,0
157,2014-04-06T07:01:20.547Z,214821339,0
157,2014-04-06T07:01:57.363Z,214844357,0
158,2014-04-02T20:57:37.380Z,214821020,0
158,2014-04-02T21:02:17.695Z,214819547,0
158,2014-04-02T21:02:33.083Z,214819547,0
158,2014-04-02T21:03:16.229Z,214821024,0
158,2014-04-02T21:03:20.604Z,214718160,0
158,2014-04-02T21:03:21.263Z,214829282,0
159,2014-04-06T20:02:44.585Z,214551626,0
159,2014-04-06T20:05:00.668Z,214821279,0
144,2014-04-01T15:53:23.538Z,214821022,0
144,2014-04-01T15:53:58.913Z,214718169,0
144,2014-04-01T15:54:20.576Z,214821024,0
144,2014-04-01T15:56:48.595Z,214601233,0
144,2014-04-01T15:58:29.643Z,214545500,0
144,2014-04-01T15:59:47.926Z,214545455,0
144,2014-04-01T16:01:08.181Z,214545440,0
144,2014-04-01T16:01:42.146Z,214545455,0
146,2014-04-07T10:50:27.969Z,214820252,0
146,2014-04-07T10:53:56.358Z,214582502,0
146,2014-04-07T10:54:19.678Z,214836802,0
146,2014-04-07T10:54:49.037Z,214672963,0
147,2014-04-03T20:15:19.460Z,214821020,0
147,2014-04-03T20:15:55.642Z,214829282,0
148,2014-04-01T16:06:05.510Z,214684093,0
148,2014-04-01T16:10:18.276Z,214684093,0
148,2014-04-01T16:18:27.448Z,214684093,0
149,2014-04-06T12:58:48.803Z,214681104,0
149,2014-04-06T12:59:50.007Z,214511092,0
151,2014-04-06T13:05:15.717Z,214586825,0
171,2014-04-03T17:45:25.575Z,214706432,0
171,2014-04-03T17:45:33.177Z,214708305,0
171,2014-04-03T17:48:11.136Z,214587013,0
169,2014-04-06T14:16:33.419Z,214554358,0
169,2014-04-06T14:31:20.326Z,214678916,0
168,2014-04-03T12:58:36.401Z,214837378,0
168,2014-04-03T12:59:49.951Z,214828850,0
168,2014-04-03T13:02:31.738Z,214828850,0
174,2014-04-03T05:38:23.762Z,214820942,0
174,2014-04-03T05:43:47.918Z,214684093,0
173,2014-04-04T19:17:10.017Z,214839313,0
173,2014-04-04T19:19:01.653Z,214840001,0
172,2014-04-06T19:38:44.000Z,214828867,0
172,2014-04-06T19:40:59.444Z,214743497,0
172,2014-04-06T19:42:21.925Z,214821392,0
163,2014-04-01T19:02:28.976Z,214674568,0
163,2014-04-01T19:05:02.869Z,214645316,0
163,2014-04-01T19:08:52.710Z,214536860,0
163,2014-04-01T19:09:17.934Z,214639177,0
163,2014-04-01T19:11:43.705Z,214820261,0
162,2014-04-06T13:22:53.321Z,214589518,0
162,2014-04-06T13:25:13.506Z,214576665,0
161,2014-04-06T06:20:54.184Z,214709645,0
161,2014-04-06T06:22:13.955Z,214820225,0
167,2014-04-05T08:44:08.413Z,214709792,0
167,2014-04-05T08:44:50.129Z,214717046,0
166,2014-04-04T15:44:56.595Z,214532623,0
166,2014-04-04T15:46:47.086Z,214557206,0
166,2014-04-04T15:59:32.594Z,214826897,0
166,2014-04-04T16:00:36.555Z,214826801,0
166,2014-04-04T16:12:55.072Z,214576500,0
164,2014-04-03T04:43:46.448Z,214697690,0
164,2014-04-03T04:45:57.726Z,214646349,0
164,2014-04-03T04:46:27.955Z,214646250,0
186,2014-04-05T08:29:40.261Z,214685795,0
186,2014-04-05T08:30:58.014Z,214630042,0
187,2014-04-02T18:05:22.418Z,214553735,0
187,2014-04-02T18:09:01.677Z,214677969,0
187,2014-04-02T18:11:25.795Z,214553735,0
187,2014-04-02T18:35:19.088Z,214586874,0
187,2014-04-02T18:38:17.270Z,214587937,0
187,2014-04-02T18:40:02.831Z,214586874,0
187,2014-04-02T18:40:17.359Z,214589600,0
184,2014-04-07T15:25:44.861Z,214840762,0
184,2014-04-07T15:29:44.789Z,214575088,0
184,2014-04-07T15:32:40.774Z,214550259,0
191,2014-04-07T11:49:48.178Z,214839373,0
191,2014-04-07T11:50:25.102Z,214836765,0
191,2014-04-07T11:50:58.628Z,214838100,0
188,2014-04-01T15:41:59.587Z,214717007,0
188,2014-04-01T15:43:21.972Z,214716928,0
189,2014-04-04T07:14:31.423Z,214613865,0
189,2014-04-04T07:14:45.348Z,214613865,0
189,2014-04-04T07:16:52.475Z,214613870,0
178,2014-04-01T18:33:22.071Z,214716935,0
178,2014-04-01T18:35:34.913Z,214716932,0
178,2014-04-01T18:38:30.796Z,214716932,0
179,2014-04-04T09:12:03.018Z,214532070,0
179,2014-04-04T09:12:41.035Z,214821285,0
179,2014-04-04T09:13:55.948Z,214711333,0
179,2014-04-04T09:22:01.956Z,214691604,0
176,2014-04-07T09:38:50.742Z,214565623,0
176,2014-04-07T09:39:31.366Z,214557236,0
177,2014-04-01T09:17:40.747Z,214820387,0
177,2014-04-01T09:19:05.185Z,214827035,0
182,2014-04-04T14:52:04.266Z,214535621,0
182,2014-04-04T14:53:11.019Z,214535621,0
183,2014-04-05T12:35:27.515Z,214552243,0
183,2014-04-05T12:36:37.843Z,214552464,0
181,2014-04-05T10:58:18.657Z,214820231,0
181,2014-04-05T11:03:53.817Z,214820231,0
204,2014-04-07T11:22:19.132Z,214826837,0
204,2014-04-07T11:22:51.495Z,214819430,0
207,2014-04-07T18:56:00.868Z,214826900,0
207,2014-04-07T18:56:19.738Z,214826900,0
207,2014-04-07T18:59:58.414Z,214664919,0
207,2014-04-07T19:01:58.299Z,214826900,0
206,2014-04-02T18:23:35.171Z,214820456,0
206,2014-04-02T18:23:35.877Z,214820456,0
201,2014-04-06T11:52:14.508Z,214827020,0
201,2014-04-06T11:52:14.616Z,214821272,0
203,2014-04-02T16:47:04.826Z,214821367,0
203,2014-04-02T16:49:23.057Z,214584808,0
203,2014-04-02T16:53:13.175Z,214836761,0
203,2014-04-02T16:53:58.325Z,214826893,0
203,2014-04-02T16:58:57.231Z,214839849,0
202,2014-04-06T20:12:02.937Z,214835561,0
202,2014-04-06T20:13:28.814Z,214835561,0
197,2014-04-05T17:55:44.263Z,214774685,0
197,2014-04-05T17:55:52.647Z,214774685,0
197,2014-04-05T17:59:55.774Z,214839997,0
197,2014-04-05T18:00:09.143Z,214839313,0
197,2014-04-05T18:04:56.252Z,214774685,0
196,2014-04-02T08:20:39.717Z,214826874,0
196,2014-04-02T08:21:01.368Z,214826874,0
196,2014-04-02T08:21:48.231Z,214821399,0
196,2014-04-02T08:22:06.763Z,214826874,0
199,2014-04-03T21:13:33.104Z,214819552,0
199,2014-04-03T21:16:51.153Z,214820938,0
199,2014-04-03T21:17:54.745Z,214821380,0
198,2014-04-07T13:47:25.615Z,214826803,0
198,2014-04-07T13:47:48.528Z,214826803,0
198,2014-04-07T14:21:16.153Z,214826803,0
193,2014-04-02T16:50:53.302Z,214829282,0
193,2014-04-02T16:50:56.015Z,214829282,0
192,2014-04-06T09:49:25.582Z,214687685,0
192,2014-04-06T09:50:35.927Z,214556840,0
192,2014-04-06T10:00:07.809Z,214601042,0
192,2014-04-06T10:01:05.101Z,214691484,0
194,2014-04-04T14:29:16.071Z,214821397,0
194,2014-04-04T14:29:47.845Z,214821397,0
194,2014-04-04T14:31:10.979Z,214821397,0
194,2014-04-04T14:36:37.840Z,214821397,0
221,2014-04-03T07:29:56.013Z,214821022,0
221,2014-04-03T07:30:20.838Z,214819550,0
221,2014-04-03T07:32:49.703Z,214826627,0
222,2014-04-04T04:18:26.860Z,214669730,0
222,2014-04-04T04:20:05.902Z,214836281,0
223,2014-04-07T18:56:42.948Z,214821300,0
223,2014-04-07T18:56:54.404Z,214690110,0
223,2014-04-07T18:57:39.065Z,214753515,0
216,2014-04-02T17:52:56.334Z,214821277,0
216,2014-04-02T17:53:43.036Z,214821277,0
217,2014-04-03T13:12:38.872Z,214540035,0
217,2014-04-03T13:13:58.473Z,214577711,0
217,2014-04-03T13:14:50.756Z,214708239,0
217,2014-04-03T13:18:36.007Z,214517880,0
217,2014-04-03T13:19:20.399Z,214577711,0
217,2014-04-03T13:19:51.040Z,214578007,0
217,2014-04-03T13:20:20.978Z,214819725,0
217,2014-04-03T13:26:24.852Z,214819815,0
218,2014-04-04T17:12:17.468Z,214601462,0
218,2014-04-04T17:13:03.900Z,214746386,0
219,2014-04-01T07:07:10.597Z,214708404,0
219,2014-04-01T07:07:10.891Z,214708406,0
219,2014-04-01T07:07:46.076Z,214725500,0
219,2014-04-01T07:10:27.592Z,214839660,0
219,2014-04-01T07:11:25.761Z,214833714,0
219,2014-04-01T07:12:42.091Z,214714817,0
212,2014-04-04T16:56:23.210Z,214821290,0
212,2014-04-04T16:59:53.129Z,214821290,0
212,2014-04-04T17:07:33.339Z,214585395,0
212,2014-04-04T17:27:00.731Z,214826700,0
212,2014-04-04T17:27:26.233Z,214826700,0
212,2014-04-04T17:28:08.273Z,214826801,0
212,2014-04-04T17:33:04.318Z,214691366,0
212,2014-04-04T17:35:43.364Z,214821377,0
212,2014-04-04T17:36:01.246Z,214567410,0
212,2014-04-04T17:37:17.103Z,214643657,0
212,2014-04-04T17:38:48.458Z,214826608,0
212,2014-04-04T17:40:00.211Z,214684513,0
212,2014-04-04T17:41:15.517Z,214829312,0
212,2014-04-04T17:42:17.336Z,214685795,0
212,2014-04-04T17:42:24.292Z,214829312,0
212,2014-04-04T17:42:38.174Z,214821298,0
213,2014-04-06T11:27:52.425Z,214586842,0
214,2014-04-07T08:34:43.426Z,214586842,0
208,2014-04-01T11:56:14.602Z,214821024,0
208,2014-04-01T11:56:34.686Z,214587384,0
208,2014-04-01T11:57:17.065Z,214718203,0
208,2014-04-01T11:57:40.253Z,214832557,0
209,2014-04-07T11:05:33.921Z,214827022,0
209,2014-04-07T11:07:08.263Z,214836341,0
211,2014-04-04T08:52:17.066Z,214652422,0
211,2014-04-04T08:56:01.397Z,214567410,0
211,2014-04-04T08:57:22.603Z,214567404,0
239,2014-04-06T19:44:51.492Z,214820192,0
239,2014-04-06T19:46:20.030Z,214844297,0
239,2014-04-06T19:47:37.947Z,214699301,0
238,2014-04-04T19:01:27.919Z,214717007,0
238,2014-04-04T19:02:09.110Z,214717005,0
238,2014-04-04T19:02:40.140Z,214717005,0
237,2014-04-07T10:09:57.508Z,214833802,0
237,2014-04-07T10:10:34.913Z,214843382,0
237,2014-04-07T10:13:32.952Z,214843385,0
237,2014-04-07T10:15:13.941Z,214843387,0
237,2014-04-07T10:17:34.644Z,214842420,0
237,2014-04-07T10:19:54.571Z,214843477,0
237,2014-04-07T10:22:30.464Z,214843955,0
237,2014-04-07T10:24:10.551Z,214843950,0
237,2014-04-07T10:25:12.487Z,214843494,0
237,2014-04-07T10:27:17.594Z,214844310,0
237,2014-04-07T10:32:51.910Z,214696802,0
237,2014-04-07T10:33:12.164Z,214840599,0
236,2014-04-01T14:11:47.322Z,214833802,0
236,2014-04-01T14:13:25.919Z,214820842,0
234,2014-04-06T08:58:02.487Z,214839313,0
234,2014-04-06T08:58:26.104Z,214839313,0
234,2014-04-06T08:58:54.906Z,214839995,0
233,2014-04-03T20:14:08.531Z,214716928,0
233,2014-04-03T20:15:04.913Z,214717003,0
232,2014-04-01T19:40:17.444Z,214717003,0
231,2014-04-06T11:40:08.108Z,214586711,0
231,2014-04-06T11:54:58.702Z,214684160,0
229,2014-04-07T17:14:09.665Z,214539039,0
229,2014-04-07T17:15:11.812Z,214539084,0
228,2014-04-02T17:06:55.079Z,214631008,0
228,2014-04-02T17:07:38.751Z,214839995,0
228,2014-04-02T17:16:12.643Z,214839313,0
227,2014-04-02T18:40:16.729Z,214829285,0
227,2014-04-02T18:41:02.209Z,214826702,0
226,2014-04-04T14:18:47.658Z,214820938,0
226,2014-04-04T14:19:25.995Z,214821037,0
224,2014-04-06T13:25:49.334Z,214826803,0
224,2014-04-06T13:27:51.546Z,214821285,0
224,2014-04-06T13:29:01.731Z,214826803,0
224,2014-04-06T13:29:06.865Z,214820383,0
224,2014-04-06T13:29:36.208Z,214826801,0
254,2014-04-03T14:44:39.991Z,214695345,0
254,2014-04-03T14:45:08.804Z,214701302,0
254,2014-04-03T14:46:04.477Z,214701287,0
254,2014-04-03T14:46:52.789Z,214695386,0
254,2014-04-03T14:48:04.333Z,214696352,0
252,2014-04-06T17:54:05.349Z,214820842,0
252,2014-04-06T17:57:34.470Z,214840378,0
252,2014-04-06T18:09:17.273Z,214705100,0
253,2014-04-03T19:51:35.937Z,214743341,0
253,2014-04-03T20:28:38.280Z,214743341,0
253,2014-04-03T20:28:48.255Z,214743341,0
253,2014-04-03T20:38:57.595Z,214837820,0
253,2014-04-03T20:40:36.221Z,214837764,0
253,2014-04-03T20:41:49.602Z,214837762,0
253,2014-04-03T20:41:56.525Z,214837749,0
253,2014-04-03T20:43:17.080Z,214709685,0
253,2014-04-03T20:44:04.697Z,214839257,0
253,2014-04-03T20:44:15.882Z,214716341,0
253,2014-04-03T20:49:00.557Z,214685152,0
253,2014-04-03T20:49:14.638Z,214685152,0
253,2014-04-03T20:52:23.365Z,214544945,0
253,2014-04-03T20:53:46.306Z,214544936,0
251,2014-04-04T20:19:26.931Z,214744779,0
251,2014-04-04T20:20:28.702Z,214743341,0
251,2014-04-04T20:21:12.536Z,214744779,0
251,2014-04-04T20:22:05.110Z,214820456,0
248,2014-04-03T11:59:34.069Z,214820231,0
249,2014-04-01T09:28:07.365Z,214819385,0
249,2014-04-01T09:28:33.441Z,214819378,0
249,2014-04-01T09:29:57.138Z,214710090,0
249,2014-04-01T09:30:59.420Z,214820938,0
249,2014-04-01T09:31:45.464Z,214821022,0
246,2014-04-01T19:40:31.593Z,214540035,0
246,2014-04-01T19:41:19.640Z,214819798,0
247,2014-04-03T09:13:13.284Z,214821277,0
244,2014-04-03T18:32:43.990Z,214819811,0
244,2014-04-03T18:33:12.657Z,214517880,0
242,2014-04-03T12:45:39.315Z,214839870,0
242,2014-04-03T12:46:39.394Z,214839866,0
242,2014-04-03T12:47:09.600Z,214705787,0
243,2014-04-03T15:25:18.768Z,214819811,0
241,2014-04-01T14:26:56.391Z,214561991,0
241,2014-04-01T14:27:11.295Z,214561991,0
241,2014-04-01T14:30:54.929Z,214820938,0
274,2014-04-07T18:19:27.211Z,214745317,0
274,2014-04-07T18:52:22.928Z,214745317,0
273,2014-04-04T19:46:54.464Z,214556270,0
273,2014-04-04T19:56:42.784Z,214821339,0
273,2014-04-04T19:59:17.561Z,214554384,0
273,2014-04-04T20:02:51.809Z,214694139,0
272,2014-04-03T19:01:49.397Z,214586722,0
272,2014-04-03T19:03:47.930Z,214826897,0
272,2014-04-03T19:06:06.901Z,214681091,0
279,2014-04-04T11:30:51.295Z,214601233,0
279,2014-04-04T11:33:15.733Z,214716932,0
279,2014-04-04T11:33:58.838Z,214716930,0
279,2014-04-04T11:36:57.316Z,214716932,0
278,2014-04-01T20:28:59.485Z,214820385,0
278,2014-04-01T20:29:00.694Z,214820385,0
277,2014-04-06T20:23:19.567Z,214836958,0
277,2014-04-06T20:23:41.003Z,214537826,0
277,2014-04-06T20:23:59.028Z,214836958,0
277,2014-04-06T20:24:13.419Z,214536577,0
277,2014-04-06T20:24:25.653Z,214836958,0
277,2014-04-06T20:25:13.183Z,214836958,0
277,2014-04-06T20:26:07.431Z,214580790,0
277,2014-04-06T20:27:54.586Z,214580790,0
277,2014-04-06T20:28:15.059Z,214579749,0
277,2014-04-06T20:30:12.976Z,214537856,0
277,2014-04-06T20:31:13.933Z,214512152,0
277,2014-04-06T20:33:45.530Z,214836960,0
277,2014-04-06T20:35:33.624Z,214836960,0
277,2014-04-06T20:37:20.986Z,214612760,0
276,2014-04-01T16:11:40.787Z,214819410,0
276,2014-04-01T16:11:57.677Z,214700752,0
283,2014-04-05T10:45:17.226Z,214821275,0
283,2014-04-05T10:48:17.607Z,214833800,0
282,2014-04-01T08:21:28.613Z,214706102,0
282,2014-04-01T08:21:49.381Z,214800272,0
281,2014-04-03T14:51:05.089Z,214820402,0
281,2014-04-03T14:51:16.317Z,214820400,0
287,2014-04-06T07:13:34.471Z,214607143,0
287,2014-04-06T07:14:24.652Z,214640394,0
287,2014-04-06T07:20:50.670Z,214607143,0
287,2014-04-06T07:22:13.746Z,214640394,0
287,2014-04-06T07:30:32.606Z,214607143,0
286,2014-04-03T10:23:55.033Z,214832557,0
286,2014-04-03T10:25:07.525Z,214717888,0
284,2014-04-01T14:04:51.276Z,214839311,0
284,2014-04-01T14:05:54.785Z,214820387,0
284,2014-04-01T14:06:27.648Z,214819472,0
284,2014-04-01T14:06:35.029Z,214819740,0
258,2014-04-02T11:06:56.494Z,214842446,0
258,2014-04-02T11:07:41.943Z,214691602,0
258,2014-04-02T11:07:50.493Z,214842446,0
258,2014-04-02T11:08:04.571Z,214842446,0
258,2014-04-02T11:08:15.623Z,214691600,0
258,2014-04-02T11:09:12.464Z,214691597,0
258,2014-04-02T11:09:26.802Z,214842446,0
258,2014-04-02T11:10:01.977Z,214842442,0
258,2014-04-02T11:10:40.571Z,214691604,0
259,2014-04-07T09:16:14.080Z,214819490,0
259,2014-04-07T09:18:15.917Z,214828987,0
259,2014-04-07T09:18:48.124Z,214684845,0
259,2014-04-07T09:19:13.395Z,214826912,0
256,2014-04-07T14:16:36.706Z,214826998,0
256,2014-04-07T14:17:57.517Z,214826998,0
256,2014-04-07T14:18:25.346Z,214748334,0
256,2014-04-07T14:18:34.007Z,214826934,0
257,2014-04-06T14:59:22.715Z,214821277,0
257,2014-04-06T14:59:36.535Z,214821290,0
257,2014-04-06T15:01:10.731Z,214821307,0
262,2014-04-06T10:54:12.150Z,214508942,0
262,2014-04-06T10:55:14.787Z,214716982,0
262,2014-04-06T10:55:41.871Z,214716984,0
262,2014-04-06T10:57:59.006Z,214509013,0
262,2014-04-06T10:59:01.504Z,214842290,0
262,2014-04-06T10:59:56.213Z,214840762,0
262,2014-04-06T11:00:14.434Z,214842287,0
262,2014-04-06T11:02:54.471Z,214820441,0
263,2014-04-03T16:06:15.173Z,214561475,0
263,2014-04-03T16:11:57.189Z,214532147,0
263,2014-04-03T16:12:46.613Z,214539532,0
263,2014-04-03T16:14:25.145Z,214511375,0
261,2014-04-06T09:39:53.258Z,214692791,0
261,2014-04-06T09:40:08.332Z,214697990,0
261,2014-04-06T09:42:42.314Z,214611283,0
266,2014-04-05T12:26:23.064Z,214684513,0
266,2014-04-05T12:26:23.948Z,214684513,0
267,2014-04-06T06:32:02.900Z,214840541,0
267,2014-04-06T06:33:22.272Z,214587508,0
267,2014-04-06T06:44:16.337Z,214551581,0
264,2014-04-07T06:41:39.744Z,214826955,0
264,2014-04-07T06:51:24.441Z,214826623,0
264,2014-04-07T06:53:01.074Z,214827000,0
264,2014-04-07T06:53:28.475Z,214811739,0
264,2014-04-07T06:53:40.790Z,214650626,0
264,2014-04-07T06:54:23.866Z,214650626,0
264,2014-04-07T06:55:43.064Z,214827005,0
264,2014-04-07T06:56:21.993Z,214834865,0
264,2014-04-07T06:56:30.384Z,214577518,0
271,2014-04-06T20:52:23.775Z,214826816,0
271,2014-04-06T20:52:39.689Z,214826705,0
271,2014-04-06T20:53:19.893Z,214826816,0
271,2014-04-06T20:53:44.116Z,214826705,0
271,2014-04-06T21:03:37.753Z,214826816,0
268,2014-04-05T16:25:13.653Z,214839313,0
268,2014-04-05T16:32:55.079Z,214602774,0
269,2014-04-01T08:35:45.863Z,214820182,0
269,2014-04-01T08:36:06.076Z,214820192,0
269,2014-04-01T08:36:34.683Z,214820182,0
269,2014-04-01T08:38:48.993Z,214820225,0
269,2014-04-01T08:39:13.842Z,214820237,0
304,2014-04-07T12:48:52.838Z,214510044,0
304,2014-04-07T12:49:22.014Z,214582387,0
304,2014-04-07T12:50:06.623Z,214510044,0
307,2014-04-01T12:35:57.099Z,214594637,0
307,2014-04-01T12:38:34.976Z,214684513,0
307,2014-04-01T13:03:38.083Z,214602821,0
307,2014-04-01T13:04:06.327Z,214594637,0
306,2014-04-01T10:26:40.672Z,214826705,0
306,2014-04-01T10:27:19.511Z,214826816,0
309,2014-04-06T07:59:23.727Z,214826801,0
309,2014-04-06T08:02:02.034Z,214836761,0
309,2014-04-06T08:05:19.430Z,214820255,0
308,2014-04-01T17:49:22.403Z,214602268,0
308,2014-04-01T17:50:34.740Z,214602268,0
308,2014-04-01T17:51:01.099Z,214602268,0
311,2014-04-06T22:58:05.976Z,214574777,0
311,2014-04-06T22:58:12.334Z,214700992,0
311,2014-04-06T22:58:53.912Z,214700990,0
313,2014-04-06T08:43:22.021Z,214826617,0
313,2014-04-06T08:47:38.713Z,214826715,0
312,2014-04-06T09:42:09.047Z,214826900,0
312,2014-04-06T09:45:34.633Z,214842577,0
314,2014-04-02T03:37:19.158Z,214576500,0
314,2014-04-02T03:38:44.438Z,214839313,0
314,2014-04-02T03:41:58.413Z,214820195,0
314,2014-04-02T03:42:30.198Z,214709634,0
314,2014-04-02T03:43:05.917Z,214699301,0
317,2014-04-02T14:57:28.295Z,214826955,0
317,2014-04-02T14:57:50.099Z,214826955,0
316,2014-04-01T18:54:45.117Z,214545935,0
316,2014-04-01T18:55:28.558Z,214820231,0
319,2014-04-02T15:26:23.374Z,214600625,0
319,2014-04-02T15:27:06.143Z,214600625,0
319,2014-04-02T15:28:50.405Z,214600625,0
318,2014-04-05T09:11:41.334Z,214821020,0
318,2014-04-05T09:12:03.480Z,214821024,0
288,2014-04-03T10:17:45.705Z,214716935,0
288,2014-04-03T10:21:05.846Z,214716932,0
288,2014-04-03T10:22:23.429Z,214582950,0
289,2014-04-06T15:16:26.819Z,214676387,0
289,2014-04-06T15:19:51.243Z,214676387,0
291,2014-04-05T18:01:56.679Z,214684513,0
291,2014-04-05T18:02:08.772Z,214839373,0
291,2014-04-05T18:02:50.079Z,214684513,0
291,2014-04-05T18:03:25.030Z,214684513,0
292,2014-04-03T10:16:22.353Z,214717888,0
292,2014-04-03T10:17:02.309Z,214838503,0
292,2014-04-03T10:18:16.554Z,214685784,0
292,2014-04-03T10:18:19.996Z,214684513,0
293,2014-04-05T16:35:12.828Z,214826705,0
293,2014-04-05T16:35:26.748Z,214826705,0
293,2014-04-05T16:36:04.939Z,214820383,0
293,2014-04-05T16:36:14.073Z,214826803,0
293,2014-04-05T16:36:20.325Z,214826803,0
293,2014-04-05T16:36:29.114Z,214821285,0
293,2014-04-05T16:37:05.019Z,214821285,0
293,2014-04-05T16:39:30.143Z,214821285,0
293,2014-04-05T16:40:07.544Z,214821285,0
294,2014-04-04T11:31:50.207Z,214510854,0
294,2014-04-04T11:32:44.466Z,214510854,0
294,2014-04-04T11:32:50.304Z,214672963,0
294,2014-04-04T11:34:27.432Z,214510854,0
294,2014-04-04T11:34:36.410Z,214702811,0
294,2014-04-04T11:34:49.650Z,214510854,0
294,2014-04-04T11:35:02.031Z,214537455,0
294,2014-04-04T11:35:13.471Z,214510854,0
296,2014-04-04T20:35:03.591Z,214696434,0
296,2014-04-04T20:35:49.831Z,214696434,0
296,2014-04-04T20:35:52.320Z,214696434,0
297,2014-04-03T08:47:41.011Z,214582942,0
297,2014-04-03T08:50:31.031Z,214582942,0
298,2014-04-02T18:43:12.047Z,214508942,0
298,2014-04-02T18:44:10.905Z,214753659,0
299,2014-04-01T22:58:02.038Z,214717007,0
299,2014-04-01T22:59:55.038Z,214838368,0
299,2014-04-01T23:02:33.838Z,214716937,0
301,2014-04-06T08:29:09.414Z,214826912,0
301,2014-04-06T08:29:11.741Z,214826912,0
301,2014-04-06T08:30:21.043Z,214834865,0
301,2014-04-06T08:30:22.469Z,214834865,0
302,2014-04-01T12:25:31.901Z,214820218,0
302,2014-04-01T12:25:59.741Z,214547600,0
303,2014-04-02T17:55:34.666Z,214718169,0
303,2014-04-02T17:55:51.788Z,214821024,0
343,2014-04-07T10:44:10.790Z,214594678,0
343,2014-04-07T10:44:41.170Z,214594680,0
342,2014-04-06T19:22:30.377Z,214702740,0
342,2014-04-06T19:23:41.944Z,214601441,0
342,2014-04-06T19:24:19.985Z,214545967,0
341,2014-04-06T19:27:23.089Z,214820441,0
339,2014-04-07T18:04:21.435Z,214640477,0
339,2014-04-07T18:29:25.611Z,214640477,0
338,2014-04-06T12:34:11.953Z,214640477,0
338,2014-04-06T13:01:43.078Z,214640477,0
337,2014-04-03T17:57:23.176Z,214821020,0
337,2014-04-03T18:52:55.563Z,214820842,0
337,2014-04-03T18:56:37.027Z,214826897,0
337,2014-04-03T18:57:15.976Z,214535621,0
337,2014-04-03T18:57:39.022Z,214821285,0
337,2014-04-03T18:58:18.473Z,214821373,0
337,2014-04-03T18:59:23.533Z,214821022,0
336,2014-04-05T16:55:58.104Z,214630042,0
336,2014-04-05T17:03:39.673Z,214819502,0
351,2014-04-06T12:27:42.789Z,214512656,0
351,2014-04-06T12:28:06.381Z,214512658,0
351,2014-04-06T12:28:07.433Z,214512658,0
351,2014-04-06T12:32:00.920Z,214694332,0
349,2014-04-06T10:29:03.435Z,214829737,0
349,2014-04-06T10:34:11.101Z,214829737,0
349,2014-04-06T10:35:25.042Z,214829737,0
349,2014-04-06T10:36:59.965Z,214829737,0
349,2014-04-06T10:41:40.389Z,214821309,0
348,2014-04-06T20:10:02.175Z,214712237,0
348,2014-04-06T20:10:20.355Z,214704180,0
347,2014-04-05T10:59:05.266Z,214709792,0
347,2014-04-05T11:05:10.836Z,214709792,0
346,2014-04-04T13:54:11.955Z,214640237,0
346,2014-04-04T14:08:03.084Z,214640237,0
344,2014-04-07T13:10:52.503Z,214638480,0
344,2014-04-07T13:13:30.924Z,214551570,0
344,2014-04-07T13:14:50.003Z,214638480,0
326,2014-04-07T19:19:29.810Z,214838503,0
327,2014-04-06T07:25:41.003Z,214709312,0
327,2014-04-06T07:26:02.518Z,214664895,0
327,2014-04-06T07:26:39.637Z,214587296,0
327,2014-04-06T07:34:52.660Z,214664895,0
324,2014-04-04T16:52:11.520Z,214835760,0
324,2014-04-04T16:54:27.956Z,214587785,0
324,2014-04-04T16:58:00.269Z,214840599,0
324,2014-04-04T16:58:45.323Z,214835760,0
324,2014-04-04T17:00:01.946Z,214835585,0
324,2014-04-04T17:00:27.960Z,214833802,0
324,2014-04-04T17:02:13.997Z,214833800,0
324,2014-04-04T17:03:23.410Z,214832730,0
324,2014-04-04T17:05:00.265Z,214587800,0
324,2014-04-04T17:05:45.023Z,214833802,0
324,2014-04-04T17:07:37.369Z,214833802,0
324,2014-04-04T17:12:25.970Z,214538030,0
324,2014-04-04T17:13:02.796Z,214584939,0
322,2014-04-04T19:50:48.896Z,214838456,0
322,2014-04-04T19:56:05.521Z,214508942,0
323,2014-04-03T19:33:55.470Z,214702702,0
323,2014-04-03T19:34:43.669Z,214702704,0
321,2014-04-05T06:38:15.742Z,214706460,0
321,2014-04-05T06:41:14.434Z,214706432,0
321,2014-04-05T06:41:50.079Z,214821028,0
321,2014-04-05T06:43:11.482Z,214821028,0
321,2014-04-05T06:46:07.858Z,214539262,0
321,2014-04-05T06:48:11.358Z,214821030,0
334,2014-04-02T11:35:21.473Z,214820240,0
334,2014-04-02T11:35:29.272Z,214820240,0
332,2014-04-03T12:10:19.833Z,214684513,0
332,2014-04-03T12:10:49.101Z,214691267,0
332,2014-04-03T12:11:42.086Z,214691332,0
333,2014-04-03T10:26:45.474Z,214827062,0
333,2014-04-03T10:27:21.030Z,214827062,0
331,2014-04-05T12:14:18.763Z,214717528,0
331,2014-04-05T12:15:00.253Z,214717528,0
331,2014-04-05T12:16:02.137Z,214594605,0
328,2014-04-03T07:54:49.330Z,214716947,0
328,2014-04-03T07:55:38.799Z,214717010,0
328,2014-04-03T07:57:25.182Z,214716975,0
328,2014-04-03T08:06:22.707Z,214646308,0
329,2014-04-05T15:43:12.313Z,214601233,0
329,2014-04-05T15:43:44.634Z,214601233,0
329,2014-04-05T15:45:19.284Z,214833800,0
329,2014-04-05T15:45:58.190Z,214833802,0
373,2014-04-03T14:23:16.964Z,214585100,0
373,2014-04-03T14:27:37.314Z,214584808,0
373,2014-04-03T14:31:13.007Z,214584808,0
373,2014-04-03T14:42:01.542Z,214584808,0
373,2014-04-03T14:44:35.126Z,214510738,0
372,2014-04-01T21:34:12.977Z,214748336,0
372,2014-04-01T21:34:38.121Z,214748336,0
372,2014-04-01T21:35:04.487Z,214819719,0
374,2014-04-01T09:11:46.733Z,214584920,0
374,2014-04-01T09:12:05.152Z,214613743,0
374,2014-04-01T09:12:35.591Z,214587384,0
374,2014-04-01T09:13:00.695Z,214832557,0
374,2014-04-01T09:13:23.089Z,214821017,0
374,2014-04-01T09:13:26.471Z,214821017,0
374,2014-04-01T09:13:44.975Z,214553936,0
369,2014-04-05T15:36:31.744Z,214821013,0
369,2014-04-05T15:36:58.985Z,214829282,0
368,2014-04-06T08:56:12.357Z,214551285,0
368,2014-04-06T08:56:27.929Z,214551287,0
368,2014-04-06T08:56:51.859Z,214551285,0
371,2014-04-07T14:51:10.883Z,214826801,0
371,2014-04-07T14:52:30.638Z,214826700,0
371,2014-04-07T14:53:36.908Z,214840378,0
381,2014-04-01T20:33:22.102Z,214552498,0
381,2014-04-01T20:33:44.311Z,214552625,0
381,2014-04-01T20:33:47.640Z,214552625,0
383,2014-04-05T08:36:47.113Z,214718203,0
382,2014-04-04T08:42:18.440Z,214534852,0
382,2014-04-04T08:42:37.910Z,214534852,0
377,2014-04-06T10:46:39.669Z,214833800,0
377,2014-04-06T10:51:13.150Z,214833800,0
376,2014-04-01T06:05:11.222Z,214748336,0
376,2014-04-01T06:05:35.804Z,214819721,0
376,2014-04-01T06:05:58.472Z,214601233,0
376,2014-04-01T06:06:50.523Z,214819385,0
376,2014-04-01T06:07:30.667Z,214819378,0
379,2014-04-04T16:25:48.884Z,214840378,0
379,2014-04-04T16:26:27.555Z,214537037,0
378,2014-04-05T15:43:18.371Z,214684513,0
378,2014-04-05T15:43:45.606Z,214684513,0
356,2014-04-06T21:53:58.076Z,214774685,0
357,2014-04-06T08:35:12.609Z,214535705,0
357,2014-04-06T08:39:19.440Z,214535705,0
358,2014-04-03T20:11:35.496Z,214820383,0
358,2014-04-03T20:11:59.496Z,214820383,0
358,2014-04-03T20:13:10.642Z,214841640,0
358,2014-04-03T20:17:07.033Z,214691390,0
359,2014-04-05T16:25:25.193Z,214839313,0
359,2014-04-05T16:25:28.235Z,214839313,0
352,2014-04-01T06:51:04.672Z,214602315,0
352,2014-04-01T06:51:21.666Z,214554785,0
352,2014-04-01T06:55:45.915Z,214698592,0
352,2014-04-01T06:57:09.725Z,214698590,0
352,2014-04-01T06:57:34.930Z,214698455,0
352,2014-04-01T06:58:19.056Z,214698592,0
353,2014-04-03T17:12:42.498Z,214753515,0
353,2014-04-03T17:13:28.152Z,214743369,0
353,2014-04-03T17:15:14.439Z,214819721,0
353,2014-04-03T17:15:51.903Z,214743495,0
353,2014-04-03T17:18:17.349Z,214577450,0
353,2014-04-03T17:19:54.672Z,214711657,0
353,2014-04-03T17:20:21.749Z,214826872,0
353,2014-04-03T17:20:45.776Z,214601233,0
353,2014-04-03T17:21:18.838Z,214717890,0
354,2014-04-04T09:04:36.382Z,214691347,0
354,2014-04-04T09:06:00.247Z,214691452,0
364,2014-04-02T20:45:31.042Z,214839812,0
364,2014-04-02T20:46:04.757Z,214835422,0
364,2014-04-02T20:46:23.013Z,214632367,0
364,2014-04-02T20:47:35.750Z,214536367,0
364,2014-04-02T20:47:46.815Z,214717003,0
366,2014-04-07T07:01:25.214Z,214546719,0
366,2014-04-07T07:01:35.939Z,214678365,0
367,2014-04-07T09:42:12.632Z,214821290,0
367,2014-04-07T09:43:14.982Z,214821290,0
361,2014-04-05T14:51:08.770Z,214839373,0
361,2014-04-05T14:53:10.786Z,214539262,0
362,2014-04-01T18:37:31.811Z,214748285,0
362,2014-04-01T18:38:49.326Z,214820218,0
363,2014-04-05T07:57:50.936Z,214717007,0
363,2014-04-05T08:20:33.329Z,214717007,0
363,2014-04-05T08:20:48.543Z,214716945,0
363,2014-04-05T08:21:20.242Z,214554358,0
363,2014-04-05T08:21:56.737Z,214717003,0
411,2014-04-03T16:47:38.540Z,214838977,0
411,2014-04-03T16:48:36.315Z,214696434,0
408,2014-04-02T11:39:52.556Z,214594680,0
408,2014-04-02T11:39:59.933Z,214594680,0
409,2014-04-03T09:44:54.193Z,214718160,0
409,2014-04-03T09:48:46.293Z,214684513,0
414,2014-04-04T04:32:07.709Z,214539262,0
414,2014-04-04T04:36:59.804Z,214820842,0
412,2014-04-07T17:21:34.281Z,214537775,0
412,2014-04-07T17:21:45.498Z,214556840,0
412,2014-04-07T17:21:47.371Z,214687685,0
413,2014-04-05T10:33:49.388Z,214572182,0
413,2014-04-05T10:35:03.012Z,214821013,0
413,2014-04-05T10:35:52.152Z,214587384,0
402,2014-04-06T08:52:50.456Z,214840412,0
402,2014-04-06T08:52:56.268Z,214826212,0
402,2014-04-06T08:52:58.343Z,214753693,0
402,2014-04-06T08:55:30.071Z,214827015,0
402,2014-04-06T08:55:44.775Z,214587028,0
402,2014-04-06T08:55:58.983Z,214826619,0
402,2014-04-06T08:57:44.953Z,214743335,0
402,2014-04-06T08:59:09.699Z,214844357,0
402,2014-04-06T08:59:21.860Z,214821307,0
402,2014-04-06T08:59:45.508Z,214821341,0
402,2014-04-06T09:00:47.247Z,214612721,0
402,2014-04-06T09:00:58.210Z,214842450,0
403,2014-04-06T10:32:59.203Z,214826955,0
403,2014-04-06T10:51:33.559Z,214716971,0
401,2014-04-02T12:09:18.556Z,214638480,0
401,2014-04-02T12:14:38.023Z,214638480,0
401,2014-04-02T12:15:52.297Z,214551594,0
401,2014-04-02T12:18:09.519Z,214551594,0
406,2014-04-06T13:14:12.126Z,214537766,0
407,2014-04-04T15:58:14.676Z,214600933,0
407,2014-04-04T15:58:24.052Z,214600933,0
407,2014-04-04T15:59:02.524Z,214835259,0
407,2014-04-04T15:59:55.440Z,214835259,0
404,2014-04-06T06:35:19.985Z,214746427,0
404,2014-04-06T06:39:54.908Z,214640017,0
404,2014-04-06T06:44:30.218Z,214600989,0
404,2014-04-06T06:46:21.764Z,214743515,0
404,2014-04-06T06:49:34.558Z,214600989,0
394,2014-04-02T12:26:19.211Z,214589278,0
394,2014-04-02T12:27:50.108Z,214589257,0
394,2014-04-02T12:28:19.257Z,214718276,0
394,2014-04-02T12:29:35.643Z,214587005,0
394,2014-04-02T12:31:52.877Z,214591374,0
394,2014-04-02T12:32:30.515Z,214819571,0
394,2014-04-02T12:33:13.072Z,214586595,0
393,2014-04-06T16:57:38.209Z,214706441,0
393,2014-04-06T17:13:55.321Z,214706441,0
392,2014-04-03T18:45:53.075Z,214638480,0
392,2014-04-03T18:47:22.433Z,214638480,0
399,2014-04-07T06:06:02.530Z,214821307,0
399,2014-04-07T06:29:00.933Z,214821309,0
399,2014-04-07T06:29:31.303Z,214821339,0
398,2014-04-02T13:33:50.298Z,214551911,0
398,2014-04-02T13:34:41.128Z,214564687,0
397,2014-04-05T07:13:53.703Z,214819781,0
397,2014-04-05T07:15:10.440Z,214585644,0
397,2014-04-05T07:16:05.492Z,214585644,0
397,2014-04-05T07:17:13.492Z,214650609,0
397,2014-04-05T07:18:10.731Z,214684498,0
397,2014-04-05T07:18:58.674Z,214553540,0
397,2014-04-05T07:19:30.387Z,214553540,0
397,2014-04-05T07:19:56.972Z,214572538,0
397,2014-04-05T07:20:24.414Z,214553540,0
397,2014-04-05T07:20:37.196Z,214553540,0
397,2014-04-05T07:23:00.568Z,214842412,0
397,2014-04-05T07:23:19.795Z,214844030,0
397,2014-04-05T07:23:59.356Z,214843993,0
397,2014-04-05T07:24:07.779Z,214844030,0
397,2014-04-05T07:24:21.227Z,214843492,0
397,2014-04-05T07:24:40.649Z,214843492,0
397,2014-04-05T07:24:49.898Z,214843492,0
397,2014-04-05T07:26:28.413Z,214691537,0
397,2014-04-05T07:27:40.057Z,214691332,0
396,2014-04-06T16:54:00.187Z,214826801,0
396,2014-04-06T17:02:19.202Z,214651670,0
396,2014-04-06T17:02:51.609Z,214744265,0
387,2014-04-07T12:01:12.993Z,214509084,0
387,2014-04-07T12:01:14.394Z,214509084,0
386,2014-04-05T07:47:09.211Z,214839795,0
386,2014-04-05T07:47:30.495Z,214523700,0
386,2014-04-05T07:47:37.979Z,214839791,0
386,2014-04-05T07:47:48.980Z,214708018,0
386,2014-04-05T07:47:53.975Z,214517450,0
386,2014-04-05T07:48:00.590Z,214714927,0
386,2014-04-05T07:48:10.640Z,214712750,0
386,2014-04-05T07:48:15.705Z,214712752,0
386,2014-04-05T07:51:07.796Z,214840526,0
384,2014-04-05T11:04:30.500Z,214718203,0
384,2014-04-05T11:07:09.053Z,214718203,0
384,2014-04-05T11:10:18.824Z,214842352,0
384,2014-04-05T11:11:49.018Z,214586983,0
384,2014-04-05T11:12:19.081Z,214842347,0
391,2014-04-06T18:21:45.988Z,214748291,0
391,2014-04-06T18:22:15.073Z,214748304,0
389,2014-04-06T17:19:22.108Z,214691484,0
389,2014-04-06T17:20:25.506Z,214691396,0
389,2014-04-06T17:21:07.317Z,214691321,0
389,2014-04-06T17:21:57.965Z,214691426,0
389,2014-04-06T17:23:08.890Z,214840822,0
388,2014-04-07T11:07:43.262Z,214835120,0
388,2014-04-07T11:08:53.748Z,214835120,0
441,2014-04-02T09:10:56.937Z,214820345,0
441,2014-04-02T09:11:18.881Z,214820385,0
441,2014-04-02T09:11:50.283Z,214710090,0
441,2014-04-02T09:14:58.005Z,214708370,0
442,2014-04-03T17:23:38.117Z,214596502,0
442,2014-04-03T17:25:40.037Z,214596326,0
442,2014-04-03T17:28:20.168Z,214596502,0
442,2014-04-03T17:38:40.856Z,214596502,0
443,2014-04-05T12:45:22.968Z,214826810,0
443,2014-04-05T12:46:00.056Z,214839373,0
444,2014-04-04T22:22:45.395Z,214738445,0
444,2014-04-04T22:22:53.228Z,214738445,0
446,2014-04-04T14:00:21.668Z,214826810,0
446,2014-04-04T14:05:04.477Z,214691426,0
447,2014-04-02T20:45:29.066Z,214821371,0
447,2014-04-02T20:47:17.043Z,214821022,0
447,2014-04-02T20:48:00.134Z,214821017,0
447,2014-04-02T20:49:13.584Z,214832559,0
432,2014-04-04T10:29:01.926Z,214833782,0
432,2014-04-04T10:32:40.323Z,214687742,0
432,2014-04-04T10:34:11.167Z,214709807,0
432,2014-04-04T10:36:35.123Z,214717757,0
432,2014-04-04T10:37:06.307Z,214833782,0
432,2014-04-04T10:37:59.531Z,214709807,0
432,2014-04-04T10:39:11.478Z,214717730,0
432,2014-04-04T10:39:38.896Z,214709807,0
432,2014-04-04T10:41:35.824Z,214709807,0
432,2014-04-04T10:41:46.221Z,214709807,0
433,2014-04-01T19:40:47.515Z,214546475,0
433,2014-04-01T19:40:48.380Z,214546475,0
434,2014-04-06T06:20:42.465Z,214840412,0
436,2014-04-06T05:17:16.938Z,214577518,0
436,2014-04-06T05:17:38.291Z,214601407,0
437,2014-04-05T19:13:16.464Z,214748347,0
438,2014-04-05T20:59:42.530Z,214748342,0
438,2014-04-05T21:01:20.204Z,214584939,0
438,2014-04-05T21:02:17.072Z,214748342,0
438,2014-04-05T21:03:30.422Z,214748342,0
438,2014-04-05T21:04:37.231Z,214748347,0
438,2014-04-05T21:05:47.665Z,214748347,0
438,2014-04-05T21:08:02.959Z,214748342,0
439,2014-04-01T11:07:47.597Z,214821022,0
439,2014-04-01T11:08:12.854Z,214718169,0
439,2014-04-01T11:08:45.914Z,214821022,0
439,2014-04-01T11:09:48.321Z,214718169,0
439,2014-04-01T11:10:16.587Z,214821015,0
424,2014-04-01T09:06:12.456Z,214748336,0
424,2014-04-01T09:11:55.575Z,214826625,0
427,2014-04-01T19:48:20.835Z,214839313,0
427,2014-04-01T19:50:24.540Z,214839313,0
426,2014-04-07T05:09:35.243Z,214826619,0
426,2014-04-07T05:10:11.627Z,214821300,0
426,2014-04-07T05:16:06.167Z,214826955,0
429,2014-04-06T17:55:24.474Z,214826705,0
429,2014-04-06T17:57:39.038Z,214826816,0
429,2014-04-06T17:57:54.063Z,214826705,0
429,2014-04-06T18:01:55.256Z,214821290,0
429,2014-04-06T18:04:07.547Z,214705757,0
428,2014-04-03T15:58:07.064Z,214509795,0
428,2014-04-03T15:59:02.810Z,214539330,0
431,2014-04-04T03:33:34.778Z,214820441,0
431,2014-04-04T03:35:03.012Z,214594590,0
417,2014-04-03T22:19:30.404Z,214687642,0
417,2014-04-03T22:19:52.414Z,214748285,0
416,2014-04-04T18:51:43.698Z,214835647,0
416,2014-04-04T18:52:01.905Z,214835645,0
419,2014-04-05T06:33:52.614Z,214691321,0
418,2014-04-03T07:47:35.332Z,214829282,0
418,2014-04-03T07:56:54.713Z,214821386,0
418,2014-04-03T07:59:42.275Z,214708044,0
421,2014-04-02T11:08:18.122Z,214555142,0
421,2014-04-02T11:12:33.241Z,214555140,0
423,2014-04-03T11:48:04.685Z,214684843,0
423,2014-04-03T11:48:24.036Z,214743335,0
423,2014-04-03T11:48:37.004Z,214819762,0
423,2014-04-03T11:49:04.493Z,214819762,0
423,2014-04-03T11:50:19.518Z,214819760,0
422,2014-04-02T20:07:22.968Z,214829282,0
422,2014-04-02T20:08:52.673Z,214819547,0
422,2014-04-02T20:10:42.288Z,214819547,0
422,2014-04-02T20:12:51.337Z,214587384,0
422,2014-04-02T20:13:59.931Z,214819552,0
422,2014-04-02T20:14:59.750Z,214819552,0
478,2014-04-07T18:42:41.637Z,214821339,0
478,2014-04-07T18:45:01.671Z,214551626,0
479,2014-04-03T09:09:24.753Z,214820814,0
479,2014-04-03T09:11:48.356Z,214746339,0
479,2014-04-03T09:12:21.847Z,214539262,0
476,2014-04-06T18:25:08.264Z,214744775,0
476,2014-04-06T18:26:45.880Z,214769006,0
476,2014-04-06T18:27:02.586Z,214842450,0
477,2014-04-03T17:59:11.171Z,214821367,0
477,2014-04-03T17:59:25.841Z,214584808,0
477,2014-04-03T18:02:29.643Z,214718197,0
474,2014-04-03T06:20:06.265Z,214552560,0
474,2014-04-03T06:20:15.148Z,214552502,0
472,2014-04-06T19:20:54.792Z,214545980,0
472,2014-04-06T19:21:04.421Z,214545962,0
473,2014-04-07T18:23:46.993Z,214839373,0
473,2014-04-07T18:23:48.553Z,214684513,0
471,2014-04-06T06:32:02.903Z,214826810,0
471,2014-04-06T06:34:10.795Z,214826623,0
471,2014-04-06T06:37:32.367Z,214684841,0
471,2014-04-06T06:38:32.428Z,214827007,0
468,2014-04-01T19:40:28.301Z,214826955,0
468,2014-04-01T19:43:44.007Z,214820182,0
468,2014-04-01T19:44:53.681Z,214820192,0
468,2014-04-01T19:48:07.665Z,214820225,0
468,2014-04-01T19:48:42.204Z,214709685,0
468,2014-04-01T19:49:35.655Z,214829737,0
469,2014-04-06T20:37:56.761Z,214826955,0
469,2014-04-06T20:39:22.016Z,214826623,0
469,2014-04-06T20:39:53.391Z,214664919,0
469,2014-04-06T20:40:14.250Z,214826625,0
469,2014-04-06T20:40:45.437Z,214826799,0
469,2014-04-06T20:41:10.184Z,214826891,0
469,2014-04-06T20:42:50.394Z,214676580,0
469,2014-04-06T20:44:42.290Z,214691390,0
469,2014-04-06T20:45:37.179Z,214537037,0
469,2014-04-06T20:47:29.240Z,214819745,0
466,2014-04-06T16:14:06.487Z,214718169,0
466,2014-04-06T16:14:57.652Z,214821022,0
467,2014-04-06T15:11:41.275Z,214840412,0
467,2014-04-06T15:12:32.214Z,214706124,0
464,2014-04-05T08:51:41.563Z,214838364,0
464,2014-04-05T08:52:15.004Z,214838364,0
463,2014-04-04T08:25:26.691Z,214820385,0
463,2014-04-04T08:26:01.680Z,214819526,0
462,2014-04-03T11:38:23.233Z,214832653,0
462,2014-04-03T11:39:02.616Z,214832655,0
462,2014-04-03T11:39:10.170Z,214832657,0
462,2014-04-03T11:39:23.983Z,214832657,0
462,2014-04-03T11:40:05.072Z,214717003,0
462,2014-04-03T11:40:41.641Z,214717005,0
462,2014-04-03T11:41:06.627Z,214716984,0
462,2014-04-03T11:42:05.449Z,214717867,0
461,2014-04-03T07:44:48.108Z,214821015,0
461,2014-04-03T07:44:53.481Z,214819547,0
459,2014-04-03T17:32:50.791Z,214708044,0
459,2014-04-03T17:39:07.398Z,214648254,0
459,2014-04-03T17:40:16.246Z,214832557,0
459,2014-04-03T17:40:26.514Z,214648254,0
459,2014-04-03T17:40:35.374Z,214832557,0
459,2014-04-03T17:40:46.581Z,214648254,0
459,2014-04-03T17:40:59.556Z,214648254,0
458,2014-04-05T16:08:48.357Z,214717410,0
458,2014-04-05T16:08:56.898Z,214717410,0
457,2014-04-06T16:05:36.783Z,214837490,0
457,2014-04-06T16:06:37.790Z,214837485,0
456,2014-04-01T16:47:29.980Z,214716930,0
456,2014-04-01T16:49:28.482Z,214716982,0
456,2014-04-01T16:52:24.010Z,214717003,0
454,2014-04-06T18:45:07.593Z,214835585,0
453,2014-04-06T17:26:04.565Z,214835760,0
453,2014-04-06T17:28:20.066Z,214839815,0
453,2014-04-06T17:32:24.843Z,214587742,0
452,2014-04-07T20:23:24.831Z,214684093,0
452,2014-04-07T20:27:29.412Z,214684093,0
452,2014-04-07T20:29:32.674Z,214684093,0
452,2014-04-07T20:32:53.748Z,214684093,0
451,2014-04-07T11:03:40.387Z,214839902,0
451,2014-04-07T11:03:40.388Z,214820252,0
451,2014-04-07T11:03:40.389Z,214644317,0
449,2014-04-01T15:33:27.757Z,214832557,0
449,2014-04-01T15:33:55.140Z,214832559,0
449,2014-04-01T15:34:32.680Z,214832559,0
449,2014-04-01T15:34:46.547Z,214832557,0
449,2014-04-01T15:34:49.198Z,214821020,0
449,2014-04-01T15:35:14.173Z,214718169,0
449,2014-04-01T15:35:31.308Z,214821022,0
449,2014-04-01T15:35:59.801Z,214819552,0
449,2014-04-01T15:36:47.485Z,214718203,0
449,2014-04-01T15:37:28.883Z,214821017,0
449,2014-04-01T15:38:49.794Z,214833802,0
449,2014-04-01T15:39:40.389Z,214821030,0
448,2014-04-07T11:29:06.987Z,214581489,0
448,2014-04-07T11:29:39.227Z,214602605,0
448,2014-04-07T11:29:55.759Z,214680371,0
448,2014-04-07T11:31:20.742Z,214581489,0
448,2014-04-07T11:31:35.451Z,214680371,0
508,2014-04-06T00:07:30.516Z,214532072,0
508,2014-04-06T00:07:57.590Z,214826801,0
508,2014-04-06T00:09:21.320Z,214826627,0
508,2014-04-06T00:09:45.113Z,214826715,0
508,2014-04-06T00:10:04.882Z,214826627,0
508,2014-04-06T00:10:26.574Z,214684513,0
508,2014-04-06T00:11:27.744Z,214826627,0
508,2014-04-06T00:11:33.016Z,214684513,0
508,2014-04-06T00:23:12.892Z,214712126,0
509,2014-04-07T11:43:32.927Z,214835120,0
509,2014-04-07T11:44:17.731Z,214839313,0